
==============================================================
Statistic N    Mean    St. Dev.  Min   Pctl(25) Pctl(75)  Max 
--------------------------------------------------------------
Year      20 2,010.500  5.916   2,001  2,005.8  2,015.2  2,020
psMean    20   0.998    0.269   0.594   0.811    1.194   1.534
psMedian  20   1.023    0.269   0.654   0.849    1.233   1.598
ps        17   1.054    0.245   0.701   0.897    1.219   1.543
errMean   17   0.108    0.188   -0.315  -0.014   0.242   0.398
errmedian 17   0.087    0.183   -0.379  -0.020   0.217   0.359
--------------------------------------------------------------
