
Equilibrium Fed cattle prices

Year	psMean	psMedian	ps	errMean	errmedian
2001	0.5940	0.6539	0.7497	0.1556	0.0957
2002	0.6207	0.6917	0.7012	0.0806	0.0095
2003	0.6720	0.7546	0.8450	0.1730	0.0904
2004	0.6761	0.7551	0.8968	0.2207	0.1418
2005	0.6587	0.7235	0.9408	0.2822	0.2173
2006	0.8561	0.8845	0.9204	0.0643	0.0359
2007	0.9481	0.8970	0.9538	0.0057	0.0569
2008	1.0215	0.9706	0.9447	-0.0769	-0.0259
2009	0.9735	0.9488	0.8533	-0.1202	-0.0954
2010	1.0170	0.9923	0.9723	-0.0447	-0.0200
2011	1.0323	0.9793	1.1717	0.1394	0.1923
2012	0.8841	0.8799	1.2308	0.3467	0.3510
2013	1.0212	1.0061	1.2633	0.2421	0.2573
2014	1.1449	1.1840	1.5433	0.3984	0.3593
2015	1.1957	1.2430	1.4933	0.2976	0.2503
2016	1.2307	1.2773	1.2167	-0.0141	-0.0606
2017	1.5345	1.5978	1.2192	-0.3153	-0.3787
2018	1.4725	1.5361	NA	NA	NA
2019	1.1928	1.2300	NA	NA	NA
2020	1.2060	1.2468	NA	NA	NA


Equilibrium Fed cattle quantities

Year	slMean	slMedian	slSM	errMean	errmedian
2001	22.9786	22.9288	23.6238	0.6452	0.6950
2002	22.7529	22.6749	23.8059	1.0530	1.1310
2003	23.9391	23.9619	23.5835	-0.3556	-0.3783
2004	21.7143	21.6507	23.6892	1.9749	2.0385
2005	22.6078	22.4822	22.6144	0.0066	0.1322
2006	23.0379	22.4181	23.1898	0.1519	0.7717
2007	22.2612	21.1411	21.7918	-0.4694	0.6507
2008	23.3267	21.7823	22.0055	-1.3212	0.2232
2009	23.3386	22.1151	22.6865	-0.6521	0.5714
2010	25.3360	23.7700	23.3153	-2.0207	-0.4547
2011	25.7765	24.1474	23.5300	-2.2466	-0.6174
2012	23.4490	22.4923	23.2416	-0.2074	0.7493
2013	23.8666	22.3039	22.5801	-1.2866	0.2762
2014	22.0320	21.9963	22.6620	0.6300	0.6657
2015	22.0063	21.9710	23.6763	1.6699	1.7052
2016	22.3083	22.2707	22.8220	0.5137	0.5513
2017	21.2595	21.2213	22.3348	1.0753	1.1135
2018	20.0333	19.9971	NA	NA	NA
2019	22.1512	22.1137	NA	NA	NA
2020	22.9599	22.9210	NA	NA	NA

Equilibrium Cull cows prices




